 L1 = 0 ;
 
 L2 = 2.3;
 
 L3 = 4.5;

 rho = L3;

 